# Phase cross-section at y=64 (0-2π range)
3.185370753104265873e+00
4.099402621031103422e+00
4.999997110426861013e+00
5.887106493244104399e+00
4.774982276818136029e-01
1.337496198195559316e+00
2.183868883683622641e+00
3.016570597436576406e+00
3.835556191150168104e+00
4.640781066073451200e+00
5.432201184107235292e+00
6.209773078847057093e+00
6.902685593843784773e-01
1.440015949938754147e+00
2.175788257620808963e+00
2.897544411912178930e+00
3.605243968161801149e+00
4.298847118170613157e+00
4.978314700680414262e+00
5.643608211758248672e+00
1.150450789308621324e-02
6.483370448747010073e-01
1.270884044756293463e+00
1.879109734485986394e+00
2.472979048507717437e+00
3.052457638401769202e+00
3.617511882382395072e+00
4.168108894644014129e+00
4.704216534550518247e+00
5.225803415664962870e+00
5.732838914608272773e+00
6.225293179747872330e+00
4.199518325252853401e-01
8.831572044996534032e-01
1.331696502404170701e+00
1.765543044803521866e+00
2.184670962654436721e+00
2.589055206839375955e+00
2.978671555490123524e+00
3.353496621097079355e+00
3.713507857397431167e+00
4.058683566039817947e+00
4.389002903019346036e+00
4.704445884879433493e+00
5.004993394675821605e+00
5.290627187698660805e+00
5.561329896949715135e+00
5.817085038368432492e+00
6.057877015806994336e+00
5.058185671416026707e-04
2.113282545760668540e-01
4.071461115037138256e-01
5.879473894086615360e-01
7.537209972187994822e-01
9.044567561189680305e-01
1.040145402665750396e+00
1.160778591625323486e+00
1.266348898534822354e+00
1.356849821981533921e+00
1.432275785603330576e+00
1.492622139803636117e+00
1.537885163184334658e+00
1.568062063692075014e+00
1.583150979479675868e+00
1.583150979479675868e+00
1.568062063692075014e+00
1.537885163184334658e+00
1.492622139803636117e+00
1.432275785603330576e+00
1.356849821981533921e+00
1.266348898534822354e+00
1.160778591625323486e+00
1.040145402665750396e+00
9.044567561189680305e-01
7.537209972187994822e-01
5.879473894086615360e-01
4.071461115037138256e-01
2.113282545760668540e-01
5.058185671416026707e-04
6.057877015806994336e+00
5.817085038368432492e+00
5.561329896949715135e+00
5.290627187698660805e+00
5.004993394675821605e+00
4.704445884879433493e+00
4.389002903019346036e+00
4.058683566039817947e+00
3.713507857397431167e+00
3.353496621097079355e+00
2.978671555490123524e+00
2.589055206839375955e+00
2.184670962654436721e+00
1.765543044803521866e+00
1.331696502404170701e+00
8.831572044996534032e-01
4.199518325252853401e-01
6.225293179747872330e+00
5.732838914608272773e+00
5.225803415664962870e+00
4.704216534550518247e+00
4.168108894644014129e+00
3.617511882382395072e+00
3.052457638401769202e+00
2.472979048507717437e+00
1.879109734485986394e+00
1.270884044756293463e+00
6.483370448747010073e-01
1.150450789308621324e-02
5.643608211758248672e+00
4.978314700680414262e+00
4.298847118170613157e+00
3.605243968161801149e+00
2.897544411912178930e+00
2.175788257620808963e+00
1.440015949938754147e+00
6.902685593843784773e-01
6.209773078847057093e+00
5.432201184107235292e+00
4.640781066073451200e+00
3.835556191150168104e+00
3.016570597436576406e+00
2.183868883683622641e+00
1.337496198195559316e+00
4.774982276818136029e-01
5.887106493244104399e+00
4.999997110426861013e+00
4.099402621031103422e+00
3.185370753104265873e+00
