# Phase cross-section at y=64 (0-2π range)
6.545853904266536460e-01
1.203004511182733438e+00
1.743361204820210730e+00
2.275626834510568131e+00
2.799773059480934023e+00
3.315771841789192820e+00
3.823595453082042184e+00
4.323216481333837180e+00
4.814607837561958092e+00
5.297742762515916581e+00
5.772594833336164299e+00
6.239137970180102855e+00
4.141611356306498237e-01
8.640095699632297510e-01
1.305472954572508115e+00
1.738526647147295989e+00
2.163146380897046583e+00
2.579308270902345157e+00
2.986988820408271295e+00
3.386164927054949203e+00
3.776813889043637573e+00
4.158913411232560975e+00
4.532441611161516448e+00
4.897377024999343575e+00
5.253698613412382201e+00
5.601385767348858735e+00
5.940418313737211520e+00
6.270776521094148848e+00
3.092557978584764555e-01
6.222079265271318604e-01
9.264292258931519086e-01
1.221901784976843430e+00
1.508608160951077082e+00
1.786531384135720657e+00
2.055654962878442404e+00
2.315962888318018997e+00
2.567439639028556542e+00
2.810070185539508714e+00
3.043839994730014098e+00
3.268735034094142122e+00
3.484741775874375946e+00
3.691847201059751171e+00
3.890038803247570343e+00
4.079304592363520499e+00
4.259633098241387472e+00
4.431013374055147835e+00
4.593434999605769065e+00
4.746888084456976742e+00
4.891363270920159323e+00
5.026851736883976685e+00
5.153345198489354573e+00
5.270835912645885912e+00
5.379316679388900013e+00
5.478780844074925938e+00
5.569222299415095279e+00
5.650635487343130592e+00
5.723015400718885815e+00
5.786357584864539660e+00
5.840658138932589338e+00
5.885913717105644594e+00
5.922121529625862024e+00
5.949279343654247043e+00
5.967385483958913994e+00
5.976438833431508613e+00
5.976438833431508613e+00
5.967385483958913994e+00
5.949279343654247043e+00
5.922121529625862024e+00
5.885913717105644594e+00
5.840658138932589338e+00
5.786357584864539660e+00
5.723015400718885815e+00
5.650635487343130592e+00
5.569222299415095279e+00
5.478780844074925938e+00
5.379316679388900013e+00
5.270835912645885912e+00
5.153345198489354573e+00
5.026851736883976685e+00
4.891363270920159323e+00
4.746888084456976742e+00
4.593434999605769065e+00
4.431013374055147835e+00
4.259633098241387472e+00
4.079304592363520499e+00
3.890038803247570343e+00
3.691847201059751171e+00
3.484741775874375946e+00
3.268735034094142122e+00
3.043839994730014098e+00
2.810070185539508714e+00
2.567439639028556542e+00
2.315962888318018997e+00
2.055654962878442404e+00
1.786531384135720657e+00
1.508608160951077082e+00
1.221901784976843430e+00
9.264292258931519086e-01
6.222079265271318604e-01
3.092557978584764555e-01
6.270776521094148848e+00
5.940418313737211520e+00
5.601385767348858735e+00
5.253698613412382201e+00
4.897377024999343575e+00
4.532441611161516448e+00
4.158913411232560975e+00
3.776813889043637573e+00
3.386164927054949203e+00
2.986988820408271295e+00
2.579308270902345157e+00
2.163146380897046583e+00
1.738526647147295989e+00
1.305472954572508115e+00
8.640095699632297510e-01
4.141611356306498237e-01
6.239137970180102855e+00
5.772594833336164299e+00
5.297742762515916581e+00
4.814607837561958092e+00
4.323216481333837180e+00
3.823595453082042184e+00
3.315771841789192820e+00
2.799773059480934023e+00
2.275626834510568131e+00
1.743361204820210730e+00
1.203004511182733438e+00
6.545853904266536460e-01
